8
c 25 448.5 25 74 196 202 1 0 
s 98 422.5 163 487.5 142 55 204 1 0 
t 212.5 465.5 252.5 465.5 232.5 420.5 142 10 220 1 0 
r 290.5 389.5 50 100 74 116 17 1 0 
c 635.5 124 25 173 24 255 1 0 
s 686.5 92.5 751.5 157.5 238 121 18 1 0 
r 444.5 175 50 100 71 33 68 1 0 
t 454.5 130 494.5 130 474.5 85 203 248 61 1 0 

4
2 c 25 448.5 25 74 196 202 1 0  s 98 422.5 163 487.5 142 55 204 1 0  
2 t 212.5 465.5 252.5 465.5 232.5 420.5 142 10 220 1 0  r 290.5 389.5 50 100 74 116 17 1 0  
2 c 635.5 124 25 173 24 255 1 0  s 686.5 92.5 751.5 157.5 238 121 18 1 0  
2 r 444.5 175 50 100 71 33 68 1 0  t 454.5 130 494.5 130 474.5 85 203 248 61 1 0  

2
2 2 c 25 448.5 25 74 196 202 1 0  s 98 422.5 163 487.5 142 55 204 1 0   2 t 212.5 465.5 252.5 465.5 232.5 420.5 142 10 220 1 0  r 290.5 389.5 50 100 74 116 17 1 0   
2 2 c 635.5 124 25 173 24 255 1 0  s 686.5 92.5 751.5 157.5 238 121 18 1 0   2 r 444.5 175 50 100 71 33 68 1 0  t 454.5 130 494.5 130 474.5 85 203 248 61 1 0   

